23208 126313 
103461 25728 
154306 20854 
38100 65119 
108407 25069 
124877 22973 
34969 70895 
23973 116358 
25586 102241 
42815 58679 
98373 26606 
140138 21595 
72139 33681 
75599 32292 
69432 35150 
81929 30182 
91174 28045 
56116 43569 
118698 23752 
28650 87833 
141319 21485 
34160 72640 
24791 108922 
60022 40681 
26336 96958 
109242 24963 
53372 45612 
104224 25651 
156665 20767 
24755 109361 
53700 45551 
26297 97094 
30274 82024 
52957 46447 
51332 47878 
74123 32976 
34121 72776 
52838 46612 
59987 40786 
51365 47867 
74083 32984 
30202 82218 
99878 26359 
65492 37096 
125644 22885 
22446 140426 
22432 140877 
70239 34717 
65375 37324 
23885 117183 
70776 34236 
71002 34232 
118685 23754 
28611 87969 
56111 43755 
40987 60905 
39561 62863 
27910 91388 
87040 28750 
39468 62957 
63013 38751 
27794 91563 
84724 29383 
85109 29346 
67071 36238 
25476 102949 
66504 36601 
41218 60787 
63104 38656 
87470 28735 
68613 35626 
44376 56437 
49647 50175 
49862 50097 
44185 56607 
73371 33364 
50629 48979 
27151 93318 
26996 93677 
50446 49343 
68179 35879 
45121 55420 
44762 55801 
43305 57864 
43570 57482 
91214 28037 
52181 47109 
49073 50765 
51914 47334 
48898 50842 
113633 24391 
114011 24379 
64747 37530 
64071 37963 
45873 54537 
45562 55142 
37317 66854 
37046 67325 
42191 59449 
29491 84621 
29313 85143 
46388 53732 
37920 65899 
46729 53542 
41970 59656 
41594 60152 
38362 64467 
33395 74259 
38847 63880 
33226 74446 
62385 38957 
61972 39435 
35750 69480 
35491 70190 
61482 39609 
60954 40093 
34700 71461 
47453 52628 
36488 68101 
47047 52925 
36075 68701 
81889 30190 
132009 22289 
54896 44302 
131743 22334 
57621 42526 
57143 43042 
55241 44198 
40466 61670 
40025 62333 
58773 41590 
59266 41211 
31062 79641 
30906 80134 
48205 51745 
47796 52258 
31752 78010 
31829 77872 
79217 30898 
79478 30806 
58249 42320 
58486 42058 
32399 76617 
32593 76273 
23188 127103 
76421 31953 
77659 31611 
54029 45115 
78051 31344 
54522 44736 
142379 21421 
105112 25553 
159740 20672 
101472 26092 
22401 141552 
126638 22801 
71809 34025 
110910 24879 
66235 36674 
25371 103759 
74835 32543 
26821 94213 
50954 48480 
29968 82962 
85777 29132 
43696 57147 
26207 97991 
67834 35983 
119182 23635 
114842 24247 
63699 38133 
88234 28570 
37540 66338 
27532 92215 
29070 85778 
36604 67926 
45977 54425 
35789 69344 
34315 72281 
24667 110186 
23842 118016 
60789 40245 
38983 63544 
132768 22240 
40505 61534 
48487 51535 
30644 80786 
56718 43178 
32886 75173 
33611 73705 
28487 88747 
80292 30597 
31564 78694 
32053 77222 
92165 27869 
82579 30038 
77185 31702 
78714 31057 
23123 127918 
96087 27241 
95768 27327 
143733 21336 
163235 20589 
106615 25535 
102354 25943 
127388 22733 
22379 142298 
111763 24738 
25335 104198 
86316 28907 
29832 83456 
26082 98612 
26606 95731 
120301 23541 
115643 24117 
28982 86245 
27258 93025 
23806 118455 
88593 28476 
133190 22179 
24648 110755 
30430 81531 
32691 75802 
31330 79260 
81165 30347 
28374 89277 
83442 29916 
23035 128743 
144638 21246 
166798 20558 
107236 25290 
128030 22657 
112052 24656 
22351 142968 
25236 104967 
26422 96473 
26034 99403 
121102 23411 
29573 84464 
116410 24029 
23780 119245 
89406 28328 
134268 22114 
92890 27767 
24538 111463 
28893 87198 
28291 90107 
83933 29528 
23021 129194 
145651 21235 
22325 143663 
113124 24534 
25193 105800 
121869 23323 
25947 99820 
116984 23942 
23696 119884 
128963 22601 
90548 28175 
135027 22065 
24433 112273 
28025 90422 
22978 130027 
96863 27009 
93743 27626 
146700 21149 
25116 106045 
122481 23269 
25835 100538 
117837 23801 
129605 22525 
135449 22004 
24382 112842 
22936 130805 
23608 120709 
94313 27523 
147713 21138 
25016 107034 
25779 101360 
123248 23181 
130342 22459 
136208 21955 
22922 131256 
23564 121515 
149059 21062 
24911 107844 
136894 21833 
22879 132089 
23528 121954 
151095 21013 
24868 108677 
138374 21782 
22857 132603 
23485 122787 
152580 20944 
22817 133749 
23444 123586 
22795 134263 
23422 124355 
95264 27355 
